50
5
5460.482089888271
50
10
6187.3994801981835
50
20
6039.861150836298
50
30
5510.418064196528
50
50
5701.135755605648
50
60
4540.669708917001
50
70
4539.029945093082
50
90
5600.127343789954
100
5
4669.656730693946
100
10
4385.307404849626
100
20
4474.775921852506
100
30
5618.9717285655925
100
50
5692.277827460206
100
60
5744.043695421752
100
70
5810.641107745318
100
90
5622.464023258288
200
5
4730.459176418975
200
10
5014.210883092553
200
20
5529.654743661229
200
30
5657.687608563459
200
50
4830.472447776616
200
60
5655.666645584781
200
70
5827.916426388523
200
90
4492.414208981233
500
5
4406.861764543311
500
10
5712.977103624601
500
20
5915.11176248164
500
30
5762.555807612353
500
50
5694.3675999113175
500
60
5754.711968839809
500
70
5797.066603688952
500
90
5740.947522463094
800
5
4389.106623125978
800
10
5690.983788762999
800
20
5693.396081439703
800
30
5737.451439408973
800
50
5735.913683858569
800
60
5781.508395077653
800
70
4481.688802494033
800
90
5656.161691705016
1000
5
5728.888659850979
1000
10
4618.492126079881
1000
20
5758.763144627193
1000
30
4453.369882149451
1000
50
5741.915506658153
1000
60
4356.093712172183
1000
70
5565.679857759468
1000
90
5731.981717503967
1200
5
4476.4274870227255
1200
10
4428.5170984840925
1200
20
5768.574420781947
1200
30
4664.302031017808
1200
50
5762.497700473203
1200
60
5815.703446648472
1200
70
4327.56986308976
1200
90
4580.731930347323
1500
5
4572.105677291169
1500
10
4537.321546163737
1500
20
5534.3262184479
1500
30
5760.095451606832
1500
50
5703.867984114027
1500
60
5735.868706347006
1500
70
4595.505874745472
1500
90
5677.91085074436
2000
5
4493.7992947068715
2000
10
5936.115497253512
2000
20
5676.134390973392
2000
30
5811.302157490361
2000
50
4885.623718564291
2000
60
4422.024335011005
2000
70
4921.746517879194
2000
90
5711.777108090351
