50
5
6302.393036999128
50
10
5599.725218791353
50
20
4612.6103531844565
50
30
5581.298208534545
50
50
4826.740455607625
50
60
5697.806920340943
50
70
5605.11626288913
50
90
4360.329691525281
100
5
4472.278192176225
100
10
5579.903448740917
100
20
5793.2210518179245
100
30
5692.285800774912
100
50
4709.180759218598
100
60
4557.900561686651
100
70
5771.418133204401
100
90
4329.599054936503
200
5
5725.1294153373665
200
10
5599.474884422121
200
20
5712.496152682548
200
30
4401.81918995935
200
50
5713.483126443921
200
60
5712.907499033123
200
70
5717.277135053232
200
90
5770.476594076977
500
5
5729.881306646768
500
10
5752.55143968196
500
20
5732.326694840608
500
30
5798.15471519482
500
50
5197.439291414494
500
60
5674.246359417606
500
70
5722.213841830891
500
90
5682.200610907943
800
5
5528.169524967756
800
10
5761.584482835757
800
20
4521.484975593997
800
30
5766.57257823565
800
50
5852.230965660577
800
60
5719.451491830691
800
70
4364.945209545181
800
90
5766.248921419764
1000
5
4462.278633346443
1000
10
5697.7882798673945
1000
20
5859.239020314109
1000
30
5720.914211777337
1000
50
4487.314455209732
1000
60
5637.899909761121
1000
70
5922.134190000761
1000
90
4356.591484350098
1200
5
4362.05595429122
1200
10
5716.107493231192
1200
20
4937.845721722767
1200
30
4386.561734585972
1200
50
4714.227486219622
1200
60
5662.520147019207
1200
70
4335.776935948892
1200
90
4526.054092178576
1500
5
5693.345564456311
1500
10
5711.989412596842
1500
20
5752.43924872634
1500
30
4628.395680019385
1500
50
5712.304330279218
1500
60
5826.753065095461
1500
70
4505.421702199852
1500
90
6213.353012567257
2000
5
5892.860104244709
2000
10
5713.193959571247
2000
20
4716.6015581073225
2000
30
5753.479897295949
2000
50
5713.570596263983
2000
60
5829.542939533265
2000
70
4608.549178434195
2000
90
5674.081744574307
