50
5
5697.341832588395
50
10
5675.080143838566
50
20
4566.493775498915
50
30
5711.222336370682
50
50
5694.2479150419795
50
60
5658.116483373342
50
70
5851.82552776992
50
90
4722.984295950587
100
5
5744.374788557593
100
10
4550.483680040488
100
20
4443.202240241515
100
30
4343.821614608748
100
50
4573.982103547735
100
60
5716.680191571294
100
70
4530.952269702568
100
90
4367.77116233406
200
5
5873.080195065302
200
10
4366.592549280058
200
20
4674.427150100381
200
30
5625.3428338127205
200
50
5673.397858976372
200
60
4957.404542962867
200
70
5776.714318521615
200
90
4407.877455370459
500
5
4656.702707671663
500
10
5726.234615991603
500
20
5564.987135248931
500
30
6034.1841971929925
500
50
5529.32787692451
500
60
5811.547781330536
500
70
5253.865240657051
500
90
5792.274220701167
800
5
6216.75477594032
800
10
4756.58722150187
800
20
5810.136189224387
800
30
4381.418546834437
800
50
4692.996732114267
800
60
4594.176320482144
800
70
5850.504733036945
800
90
5835.149329906792
1000
5
4516.652167916071
1000
10
5600.01844709681
1000
20
5605.291504245617
1000
30
5737.824980193748
1000
50
5869.539123220049
1000
60
4562.11784492697
1000
70
5760.379406081812
1000
90
5660.1067880120845
1200
5
5493.164677951979
1200
10
4381.775644262263
1200
20
5758.142095756467
1200
30
5953.8495177904115
1200
50
4418.140923697993
1200
60
5734.0755779881465
1200
70
5776.065674791841
1200
90
5712.104491803156
1500
5
5857.588391144478
1500
10
5905.708592232547
1500
20
5710.569591921399
1500
30
5546.524381875371
1500
50
4720.570864852585
1500
60
5655.7497303128375
1500
70
4412.581970070743
1500
90
5742.528551840477
2000
5
4437.578310400567
2000
10
5694.732004823678
2000
20
5695.208195394917
2000
30
4452.767212221325
2000
50
5510.583282746534
2000
60
5705.0726674990065
2000
70
5255.450569545776
2000
90
5713.688416989563
