50
5
5737.93030048165
50
10
5716.704317109006
50
20
5675.647292453338
50
30
4355.684381086295
50
50
4442.180783673312
50
60
4495.8132323203035
50
70
5852.21130109478
50
90
5756.344982216779
100
5
5777.483574349241
100
10
5730.007880373733
100
20
4495.724699123014
100
30
5771.5729611180595
100
50
4945.30620125156
100
60
5717.988625723712
100
70
4536.755297649104
100
90
5623.426181398519
200
5
5527.449351693516
200
10
4324.358796221512
200
20
6394.737612515347
200
30
5621.945476199407
200
50
5606.390448589954
200
60
4467.857316932768
200
70
5692.526782602822
200
90
4518.050958955401
500
5
4745.317405189273
500
10
5714.401693149998
500
20
5620.594246373248
500
30
4567.692952619183
500
50
5694.092775476919
500
60
4369.620124597128
500
70
4561.628107356188
500
90
4812.376464814373
800
5
6320.8778015005855
800
10
4450.144196633082
800
20
5531.623448886259
800
30
5715.470601628552
800
50
4368.032990603453
800
60
4407.549217577545
800
70
4991.464206129683
800
90
5622.082881854782
1000
5
4494.573450194372
1000
10
5842.573801883044
1000
20
4643.951007422861
1000
30
5662.3579651056125
1000
50
5624.3912636496825
1000
60
5583.267215248926
1000
70
4357.614097731479
1000
90
5730.396613371567
1200
5
4469.275371264156
1200
10
5764.052470148517
1200
20
5711.242848518673
1200
30
4486.402030699809
1200
50
5730.1434371619325
1200
60
4499.451369906294
1200
70
4511.050646199579
1200
90
4583.119339724872
1500
5
5674.5527269071345
1500
10
5718.050308506769
1500
20
4363.535150186047
1500
30
4334.530083527581
1500
50
4672.4376028038905
1500
60
4570.195377495095
1500
70
5923.661176254131
1500
90
4646.619428642198
2000
5
5754.917516322551
2000
10
5694.3906509083945
2000
20
5913.876995252481
2000
30
4881.231530937614
2000
50
4578.760933673972
2000
60
5714.6472298961435
2000
70
5716.937541138866
2000
90
5655.773344312615
