50
5
4889.441500629557 
50
10
4397.866605589534
50
20
5908.53833415104
50
30
4760.797748726982
50
50
4432.535150975961
50
60
5035.500415086146
50
70
4444.773121893745
50
90
4363.034244277238
100
5
5726.048145086546
100
10
5770.465668927142
100
20
5671.389403402338
100
30
6116.729721562038
100
50
5904.487279330381
100
60
5908.982217959886
100
70
5784.145328855435
100
90
5929.232906150563
200
5
5769.089430960994
200
10
4832.426842358476
200
20
5595.428918317635
200
30
5727.604832354677
200
50
5765.16638976548
200
60
5989.118498617197
200
70
5689.860285899903
200
90
4570.595216270917
500
5
5792.47970813287
500
10
5528.25642630945
500
20
4913.213420912754
500
30
5804.619193350284
500
50
5864.950666964931
500
60
4341.7755005094705
500
70
5948.069900166549
500
90
4385.741415589896
800
5
5812.174862658537
800
10
5688.454097962648
800
20
5851.821782647123
800
30
5848.097759278139
800
50
5747.63362569405
800
60
5765.824404221402
800
70
5927.8144919117685
800
90
6205.068565777559
1000
5
4426.633265041445
1000
10
5670.561978089447
1000
20
4893.025078183239
1000
30
4409.515174055838
1000
50
5731.8523617074225
1000
60
5841.56132178384
1000
70
5842.241557746603
1000
90
4692.027929972786
1200
5
5924.3673858540205
1200
10
5900.754968421712
1200
20
5807.343646221108
1200
30
6017.571214270135
1200
50
5946.963477740552
1200
60
4876.548040994265
1200
70
5709.004326747397
1200
90
5840.77677444288
1500
5
5830.500136140484
1500
10
4455.499210270854
1500
20
5822.206209999956
1500
30
5686.580850976827
1500
50
4492.712865319781
1500
60
5841.357002002628
1500
70
4454.977864891401
1500
90
6093.258105972485
2000
5
5962.936169248424
2000
10
5690.275461045209
2000
20
5788.151043199783
2000
30
5823.112788155819
2000
50
5746.9905928331555
2000
60
5124.16422149952
2000
70
4416.682563016168
2000
90
5800.315606377593
